GLCM Energy s17 x
Time	    D1	    D2	    D3	    D4	    D5	    D6	    D7	    D8	    D9	    D10	    D11	    D12	    D13	    D14	    D15	    D16	    D17	    D18	    D19	    D20	    D21	    D22	    D23	    D24	    D25	    D26	    D27	    D28	    D29	    D30	    D31	    D32	    D33	    D34	    D35	    D36	    D37	    D38	    D39	    D40	    D41	    D42	    D43	    D44	    D45	    D46	    D47	    D48	    D49	    D50	    D51	    D52	    D53	    D54	    D55	    D56	    D57	    D58	    D59	    D60	    D61	    D62	    D63	    D64	    D65	    D66	    D67	    D68	    D69	    D70	    D71	    D72	    D73	    D74	    D75	    D76	    D77	    D78	    D79	    D80	    D81	    D82	    D83	    D84	    D85	    D86	    D87	    D88	    D89	    D90	    D91	    D92	    D93	    D94	    D95	    D96	    D97	    D98	    D99	    D100	    D101	    D102
   30.00	  20.568	  20.639	  20.609	  20.624	  20.659	  20.647	  20.646	  20.638	  20.679	  20.603	  20.641	  20.621	  20.676	  20.618	  20.619	  20.665	  20.619	  20.617	  20.602	  20.645	  20.659	  20.626	  20.648	  20.600	  20.638	  20.610	  20.628	  20.642	  20.659	  20.643	  20.629	  20.624	  20.660	  20.657	  20.625	  20.660	  20.628	  20.629	  20.625	  20.630	  20.689	  20.625	  20.647	  20.603	  20.607	  20.643	  20.667	  20.624	  20.645	  20.654	
   60.00	  19.510	  19.741	  19.899	  19.946	  19.962	  19.997	  20.001	  20.051	  20.048	  20.069	  20.049	  20.075	  20.061	  20.047	  20.044	  20.047	  20.083	  20.046	  20.061	  20.096	  20.097	  20.074	  20.071	  20.093	  20.110	  20.108	  20.108	  20.074	  20.105	  20.082	  20.078	  20.092	  20.110	  20.100	  20.107	  20.043	  20.119	  20.126	  20.071	  20.068	  20.095	  20.094	  20.110	  20.122	  20.078	  20.073	  20.064	  20.084	  20.084	  20.060	
   90.00	  18.573	  18.815	  18.900	  18.954	  19.043	  19.005	  19.030	  19.029	  19.051	  19.060	  19.083	  19.109	  19.101	  19.095	  19.092	  19.097	  19.128	  19.114	  19.147	  19.122	  19.127	  19.115	  19.154	  19.159	  19.133	  19.102	  19.156	  19.123	  19.136	  19.145	  19.085	  19.130	  19.094	  19.115	  19.105	  19.132	  19.094	  19.111	  19.114	  19.104	  19.101	  19.098	  19.098	  19.119	  19.135	  19.122	  19.118	  19.106	  19.138	  19.121	
  120.00	  19.315	  19.536	  19.617	  19.707	  19.725	  19.762	  19.764	  19.745	  19.812	  19.822	  19.868	  19.799	  19.832	  19.820	  19.873	  19.852	  19.858	  19.838	  19.876	  19.865	  19.870	  19.921	  19.857	  19.861	  19.897	  19.831	  19.895	  19.872	  19.894	  19.823	  19.805	  19.853	  19.844	  19.860	  19.881	  19.838	  19.834	  19.853	  19.879	  19.835	  19.866	  19.873	  19.894	  19.875	  19.852	  19.829	  19.871	  19.829	  19.873	  19.843	
  150.00	  18.641	  18.797	  18.907	  18.938	  18.959	  19.004	  19.053	  19.019	  19.102	  19.040	  19.072	  19.082	  19.140	  19.104	  19.120	  19.139	  19.092	  19.124	  19.157	  19.156	  19.145	  19.112	  19.125	  19.132	  19.164	  19.136	  19.144	  19.157	  19.147	  19.128	  19.154	  19.116	  19.106	  19.124	  19.109	  19.150	  19.109	  19.134	  19.135	  19.139	  19.122	  19.140	  19.122	  19.134	  19.113	  19.073	  19.110	  19.105	  19.142	  19.099	
  180.00	  18.579	  18.745	  18.846	  18.919	  18.965	  18.992	  19.002	  18.979	  19.023	  19.015	  19.004	  19.055	  19.040	  19.069	  19.029	  19.066	  19.120	  19.075	  19.044	  19.051	  19.106	  19.100	  19.085	  19.110	  19.114	  19.103	  19.119	  19.122	  19.122	  19.097	  19.086	  19.085	  19.097	  19.077	  19.073	  19.085	  19.114	  19.079	  19.093	  19.115	  19.097	  19.108	  19.117	  19.103	  19.125	  19.107	  19.129	  19.128	  19.129	  19.123	
  210.00	  18.545	  18.712	  18.779	  18.895	  18.954	  18.938	  19.016	  19.017	  19.026	  19.036	  19.067	  19.050	  19.070	  19.070	  19.102	  19.098	  19.097	  19.080	  19.145	  19.135	  19.144	  19.128	  19.108	  19.132	  19.163	  19.147	  19.143	  19.155	  19.128	  19.169	  19.174	  19.133	  19.137	  19.119	  19.122	  19.132	  19.148	  19.102	  19.149	  19.128	  19.142	  19.182	  19.145	  19.145	  19.152	  19.130	  19.142	  19.128	  19.149	  19.148	
  240.00	  18.924	  19.034	  19.110	  19.238	  19.234	  19.272	  19.308	  19.336	  19.330	  19.344	  19.362	  19.393	  19.400	  19.408	  19.423	  19.458	  19.455	  19.419	  19.459	  19.454	  19.515	  19.468	  19.499	  19.474	  19.501	  19.443	  19.488	  19.503	  19.482	  19.483	  19.491	  19.470	  19.503	  19.495	  19.481	  19.459	  19.456	  19.504	  19.493	  19.488	  19.494	  19.499	  19.516	  19.510	  19.520	  19.485	  19.506	  19.484	  19.514	  19.493	
  270.00	  19.395	  19.528	  19.643	  19.711	  19.745	  19.801	  19.816	  19.831	  19.879	  19.876	  19.911	  19.918	  19.928	  19.960	  19.970	  19.999	  19.977	  19.980	  20.024	  20.043	  20.053	  20.049	  20.015	  20.047	  20.045	  20.063	  20.035	  20.058	  20.066	  20.031	  20.060	  20.059	  20.035	  20.034	  20.040	  20.016	  20.055	  20.038	  20.033	  20.017	  20.070	  20.051	  20.053	  20.048	  20.054	  20.086	  20.038	  20.068	  20.096	  20.041	
  300.00	  19.791	  19.986	  20.061	  20.117	  20.182	  20.221	  20.267	  20.316	  20.332	  20.350	  20.398	  20.387	  20.421	  20.438	  20.441	  20.453	  20.485	  20.486	  20.467	  20.526	  20.531	  20.506	  20.526	  20.512	  20.536	  20.537	  20.504	  20.510	  20.531	  20.536	  20.485	  20.518	  20.529	  20.527	  20.549	  20.495	  20.516	  20.534	  20.544	  20.507	  20.512	  20.509	  20.529	  20.553	  20.574	  20.526	  20.505	  20.509	  20.525	  20.490	
  330.00	  19.657	  19.856	  19.943	  19.982	  20.071	  20.120	  20.223	  20.242	  20.284	  20.308	  20.347	  20.396	  20.395	  20.397	  20.395	  20.439	  20.445	  20.476	  20.490	  20.516	  20.543	  20.497	  20.530	  20.528	  20.538	  20.547	  20.551	  20.531	  20.542	  20.521	  20.505	  20.518	  20.584	  20.542	  20.544	  20.512	  20.514	  20.549	  20.494	  20.518	  20.558	  20.530	  20.516	  20.499	  20.547	  20.531	  20.509	  20.500	  20.542	  20.534	
  360.00	  20.992	  21.150	  21.261	  21.348	  21.403	  21.434	  21.554	  21.601	  21.632	  21.671	  21.694	  21.781	  21.792	  21.824	  21.861	  21.902	  21.874	  21.885	  21.878	  21.915	  21.953	  21.974	  21.960	  22.037	  22.024	  21.988	  21.994	  22.006	  22.006	  21.984	  22.020	  21.951	  22.023	  21.993	  21.988	  21.953	  21.978	  22.003	  22.013	  21.991	  21.990	  21.993	  22.021	  22.017	  21.993	  22.003	  21.973	  22.066	  22.014	  21.997	
  390.00	  20.770	  20.912	  21.029	  21.141	  21.239	  21.294	  21.391	  21.416	  21.476	  21.512	  21.549	  21.621	  21.688	  21.674	  21.728	  21.780	  21.786	  21.743	  21.803	  21.820	  21.877	  21.892	  21.836	  21.927	  21.928	  21.900	  21.921	  21.922	  21.940	  21.943	  21.878	  21.917	  21.955	  21.938	  21.902	  21.930	  21.928	  21.951	  21.929	  21.910	  21.896	  21.911	  21.931	  21.966	  21.909	  21.921	  21.918	  21.921	  21.932	  21.928	
  420.00	  22.069	  22.253	  22.452	  22.539	  22.634	  22.738	  22.910	  22.914	  23.021	  23.101	  23.159	  23.224	  23.342	  23.401	  23.416	  23.445	  23.489	  23.533	  23.554	  23.623	  23.615	  23.643	  23.681	  23.716	  23.678	  23.677	  23.722	  23.764	  23.775	  23.691	  23.683	  23.731	  23.691	  23.727	  23.750	  23.726	  23.725	  23.754	  23.727	  23.717	  23.718	  23.715	  23.704	  23.772	  23.717	  23.735	  23.752	  23.741	  23.735	  23.750	
  450.00	  23.918	  24.246	  24.428	  24.657	  24.876	  25.072	  25.277	  25.445	  25.590	  25.728	  25.858	  25.962	  26.058	  26.158	  26.249	  26.313	  26.383	  26.413	  26.496	  26.539	  26.612	  26.630	  26.644	  26.693	  26.721	  26.703	  26.742	  26.774	  26.805	  26.779	  26.734	  26.775	  26.760	  26.741	  26.776	  26.799	  26.801	  26.778	  26.771	  26.785	  26.813	  26.814	  26.813	  26.768	  26.823	  26.838	  26.837	  26.774	  26.872	  26.830	
  480.00	  28.850	  29.361	  29.731	  30.049	  30.408	  30.764	  31.066	  31.335	  31.627	  31.875	  32.093	  32.368	  32.550	  32.729	  32.925	  33.067	  33.079	  33.207	  33.328	  33.424	  33.572	  33.574	  33.605	  33.727	  33.759	  33.769	  33.812	  33.824	  33.907	  33.877	  33.866	  33.921	  33.908	  33.890	  33.987	  33.926	  33.930	  33.960	  33.961	  33.924	  33.908	  34.005	  34.037	  33.984	  34.017	  33.972	  34.047	  34.058	  34.041	  34.019	
  510.00	  33.421	  34.144	  34.752	  35.364	  35.888	  36.375	  36.906	  37.346	  37.892	  38.321	  38.694	  39.060	  39.435	  39.722	  40.033	  40.223	  40.429	  40.608	  40.730	  40.967	  41.067	  41.175	  41.357	  41.469	  41.598	  41.575	  41.628	  41.716	  41.760	  41.756	  41.732	  41.794	  41.830	  41.842	  41.917	  41.901	  41.857	  41.920	  42.033	  41.974	  41.970	  42.061	  41.951	  42.104	  42.108	  41.990	  42.086	  42.122	  42.086	  42.172	
  540.00	  40.922	  41.860	  42.799	  43.783	  44.694	  45.531	  46.493	  47.249	  48.129	  48.833	  49.556	  50.206	  50.942	  51.421	  51.956	  52.474	  52.825	  53.309	  53.614	  53.971	  54.244	  54.438	  54.639	  54.926	  55.074	  55.134	  55.229	  55.426	  55.429	  55.508	  55.515	  55.543	  55.606	  55.676	  55.735	  55.768	  55.802	  55.881	  55.844	  55.888	  55.953	  56.019	  56.086	  56.106	  56.151	  56.061	  56.174	  56.196	  56.204	  56.327	
  570.00	  49.045	  50.423	  51.685	  53.163	  54.477	  55.743	  57.180	  58.396	  59.708	  60.858	  61.956	  63.083	  64.050	  65.008	  65.893	  66.642	  67.348	  67.982	  68.543	  69.179	  69.505	  70.034	  70.298	  70.705	  70.892	  71.157	  71.426	  71.526	  71.624	  71.742	  71.815	  72.003	  71.979	  72.088	  72.101	  72.091	  72.152	  72.256	  72.318	  72.423	  72.429	  72.589	  72.726	  72.800	  72.953	  72.837	  72.947	  72.936	  73.013	  73.017	
  600.00	  58.395	  60.383	  62.280	  64.148	  65.923	  67.746	  69.665	  71.488	  73.282	  74.998	  76.658	  78.182	  79.650	  80.892	  82.279	  83.558	  84.675	  85.602	  86.611	  87.417	  88.256	  88.893	  89.441	  90.080	  90.537	  90.760	  91.191	  91.539	  91.727	  91.780	  92.013	  92.261	  92.344	  92.516	  92.528	  92.567	  92.654	  92.727	  92.968	  93.036	  93.070	  93.217	  93.308	  93.375	  93.433	  93.447	  93.602	  93.697	  93.777	  93.903	
  630.00	  76.346	  79.249	  81.729	  84.281	  86.834	  89.447	  92.257	  94.447	  97.304	  99.785	 102.079	 104.386	 106.658	 108.770	 110.715	 112.475	 114.303	 115.837	 117.162	 118.521	 119.943	 121.223	 122.168	 123.072	 124.079	 124.450	 125.257	 125.629	 126.195	 126.670	 126.811	 126.988	 127.335	 127.629	 127.865	 128.158	 128.104	 128.503	 128.750	 128.702	 128.954	 128.952	 129.252	 129.495	 129.672	 129.700	 129.907	 130.143	 130.312	 130.606	
  660.00	  86.927	  89.759	  92.759	  95.348	  98.078	 100.632	 103.136	 105.703	 108.227	 110.773	 113.216	 115.573	 118.149	 120.332	 122.344	 124.412	 126.240	 127.906	 129.753	 131.417	 132.649	 133.895	 135.003	 136.369	 137.234	 138.372	 139.050	 139.689	 140.456	 140.956	 141.261	 141.667	 141.860	 142.529	 142.711	 143.178	 143.501	 144.097	 144.335	 144.569	 144.897	 145.164	 145.620	 145.677	 145.755	 145.886	 146.486	 146.553	 146.991	 146.876	
  690.00	  93.226	  96.198	  98.464	 100.837	 103.178	 105.110	 107.456	 109.562	 111.747	 113.721	 116.089	 118.192	 120.242	 122.039	 124.288	 126.028	 127.736	 129.645	 131.268	 132.384	 133.929	 135.249	 136.503	 137.705	 138.647	 139.740	 140.456	 141.214	 141.995	 142.814	 143.407	 143.973	 144.593	 145.066	 145.611	 145.953	 146.584	 146.989	 147.268	 147.692	 147.943	 148.298	 148.676	 149.099	 149.264	 149.393	 149.737	 149.770	 150.252	 150.483	
  720.00	 111.291	 114.529	 117.520	 120.139	 122.573	 124.752	 127.316	 129.578	 132.012	 134.274	 136.965	 139.436	 141.626	 144.105	 146.382	 148.622	 150.810	 152.761	 154.480	 156.630	 158.197	 159.905	 161.524	 163.093	 164.463	 165.535	 166.870	 168.047	 169.131	 170.205	 171.129	 172.069	 173.000	 173.992	 174.801	 175.668	 176.460	 177.309	 177.545	 178.569	 178.767	 179.553	 180.183	 180.516	 181.066	 181.606	 182.129	 182.597	 183.093	 183.691	
  750.00	 134.661	 138.680	 142.406	 145.214	 148.447	 151.269	 154.060	 157.392	 160.542	 163.429	 166.730	 169.744	 172.918	 176.096	 178.991	 181.938	 184.558	 187.674	 190.192	 192.605	 195.226	 197.279	 199.251	 201.644	 203.653	 205.419	 207.538	 209.395	 211.172	 213.061	 214.754	 216.141	 218.094	 219.182	 220.857	 222.122	 223.638	 224.976	 226.135	 227.296	 228.122	 229.279	 230.227	 231.466	 232.197	 233.039	 234.044	 234.956	 236.003	 236.637	
  780.00	 156.921	 161.707	 166.181	 169.829	 173.480	 176.802	 180.492	 184.408	 188.375	 191.872	 195.894	 199.708	 203.354	 207.376	 211.405	 215.000	 218.516	 222.363	 225.637	 228.849	 231.785	 234.953	 237.508	 240.885	 243.494	 246.372	 249.058	 251.777	 253.921	 256.546	 258.618	 260.997	 263.159	 264.814	 267.136	 269.081	 271.247	 273.562	 275.130	 277.089	 278.649	 280.219	 281.844	 283.161	 284.587	 286.247	 287.530	 289.003	 290.290	 291.843	
  810.00	 167.858	 172.971	 176.957	 180.684	 183.851	 187.142	 190.975	 194.437	 197.900	 201.714	 205.650	 209.260	 212.799	 217.143	 221.072	 224.353	 228.323	 231.967	 235.607	 238.731	 242.229	 245.112	 248.135	 251.206	 254.199	 256.874	 259.528	 262.616	 265.497	 268.322	 270.783	 273.400	 275.584	 278.016	 280.350	 282.672	 285.190	 287.191	 289.369	 291.254	 293.545	 295.381	 297.364	 299.156	 301.135	 302.749	 304.068	 305.807	 307.366	 308.982	
  840.00	 167.275	 171.829	 175.285	 178.462	 181.097	 184.162	 186.933	 190.291	 192.850	 196.502	 199.880	 203.029	 206.399	 210.099	 213.273	 216.605	 219.487	 222.938	 226.277	 229.240	 232.401	 235.274	 238.579	 240.699	 244.168	 246.394	 249.022	 251.853	 254.188	 256.996	 259.387	 261.673	 264.032	 266.042	 268.413	 270.317	 273.071	 275.029	 276.529	 278.840	 280.419	 282.352	 283.967	 286.196	 288.119	 289.358	 290.823	 292.706	 294.006	 296.034	
  870.00	 186.523	 191.618	 196.167	 199.027	 202.570	 205.798	 208.917	 212.471	 215.993	 219.809	 224.115	 227.336	 231.887	 236.038	 239.804	 243.650	 247.285	 251.221	 255.519	 259.528	 262.873	 266.858	 270.291	 273.462	 277.492	 280.558	 283.859	 287.403	 290.234	 293.399	 296.285	 299.585	 302.057	 305.182	 308.355	 310.768	 313.350	 316.274	 318.774	 321.516	 323.783	 326.385	 328.850	 331.089	 333.400	 335.692	 337.851	 340.041	 342.244	 343.962	
  900.00	 202.096	 207.913	 212.714	 215.696	 219.135	 222.610	 226.651	 230.325	 234.138	 237.816	 242.900	 246.557	 251.487	 255.464	 260.426	 264.939	 269.523	 274.151	 278.180	 282.332	 287.271	 291.344	 295.043	 299.702	 303.469	 307.029	 311.341	 315.069	 318.932	 322.733	 325.674	 329.405	 332.879	 336.112	 339.733	 342.588	 345.994	 349.243	 352.529	 355.579	 358.720	 361.260	 363.883	 366.733	 369.351	 372.289	 374.502	 377.331	 379.851	 382.499	
  930.00	 212.569	 218.021	 222.710	 226.181	 229.198	 232.153	 235.856	 239.340	 242.690	 247.085	 251.126	 254.854	 259.667	 264.589	 269.032	 273.875	 278.126	 282.408	 286.189	 291.070	 295.138	 299.733	 304.293	 308.555	 312.285	 316.270	 320.522	 324.554	 328.809	 332.760	 336.343	 339.963	 343.830	 347.247	 351.303	 354.506	 358.125	 361.401	 364.786	 368.651	 371.786	 375.258	 378.612	 381.218	 384.522	 387.783	 390.834	 393.159	 396.374	 399.378	
  960.00	 229.926	 236.243	 240.662	 245.005	 248.386	 251.581	 255.849	 259.472	 263.871	 268.069	 272.871	 277.356	 282.956	 288.031	 292.931	 298.114	 302.993	 308.487	 313.544	 318.952	 324.736	 329.239	 334.067	 339.366	 344.095	 348.787	 354.160	 358.219	 362.538	 367.640	 372.908	 376.872	 380.806	 385.538	 389.608	 393.549	 398.145	 402.279	 406.053	 410.525	 414.143	 418.521	 422.221	 425.859	 429.662	 432.452	 436.440	 439.883	 444.086	 447.005	
  990.00	 234.602	 240.035	 244.347	 248.617	 251.691	 254.403	 258.101	 261.960	 265.427	 269.999	 274.910	 279.631	 284.345	 289.205	 295.013	 299.884	 305.062	 310.156	 315.107	 321.271	 325.795	 330.810	 335.585	 340.891	 346.372	 350.590	 355.854	 360.570	 364.915	 370.439	 374.764	 378.987	 383.244	 387.935	 393.015	 396.895	 400.650	 405.609	 409.304	 413.687	 417.828	 421.984	 426.189	 429.634	 433.453	 437.133	 441.480	 445.074	 448.761	 452.932	
 1020.00	 253.165	 257.759	 262.680	 267.126	 270.810	 274.994	 279.626	 283.887	 289.130	 294.731	 299.531	 305.238	 311.769	 317.747	 323.450	 330.137	 336.359	 342.466	 348.941	 355.416	 361.875	 368.473	 374.423	 380.619	 386.670	 392.902	 398.761	 405.225	 411.093	 417.160	 422.328	 428.292	 433.618	 439.590	 445.138	 449.648	 455.107	 460.190	 465.302	 470.224	 475.492	 480.526	 484.909	 490.094	 494.887	 499.770	 504.296	 508.525	 513.675	 518.472	
 1050.00	 270.797	 277.730	 283.416	 287.698	 291.806	 296.991	 300.931	 306.208	 312.312	 318.753	 325.341	 332.177	 338.617	 345.746	 352.795	 360.282	 368.543	 376.231	 383.670	 391.036	 398.624	 406.733	 414.041	 421.730	 429.188	 436.245	 443.699	 450.766	 458.388	 464.679	 471.547	 478.080	 484.707	 491.096	 498.200	 504.230	 510.613	 516.763	 523.290	 529.398	 535.180	 541.711	 547.621	 552.874	 558.454	 564.762	 570.320	 575.734	 581.689	 586.123	
 1080.00	 290.295	 297.368	 303.275	 308.080	 312.599	 317.861	 324.237	 330.530	 337.851	 344.946	 353.190	 361.100	 369.864	 377.959	 387.953	 396.801	 406.409	 415.074	 424.998	 434.513	 444.846	 454.758	 463.506	 472.930	 482.665	 491.953	 500.153	 509.234	 517.904	 526.744	 535.187	 544.128	 552.135	 560.580	 568.665	 576.254	 585.268	 592.672	 600.223	 608.639	 615.579	 623.971	 630.716	 638.594	 645.196	 652.252	 659.759	 666.512	 673.081	 679.890	
 1110.00	 295.782	 302.616	 308.491	 313.288	 318.890	 324.347	 330.554	 336.742	 344.068	 351.915	 360.892	 368.416	 377.358	 386.499	 396.842	 406.436	 416.602	 425.895	 436.398	 446.965	 456.861	 466.937	 476.721	 486.191	 496.682	 506.479	 515.454	 525.067	 534.209	 543.688	 552.472	 560.982	 569.340	 579.401	 587.570	 596.073	 604.227	 612.918	 621.361	 629.762	 638.125	 645.493	 654.089	 661.268	 669.220	 677.133	 684.478	 691.573	 699.214	 706.589	
 1140.00	 282.551	 287.766	 293.070	 296.936	 301.689	 306.449	 312.353	 318.047	 324.305	 331.460	 339.101	 346.930	 355.818	 364.554	 373.395	 382.188	 391.497	 400.961	 409.375	 419.715	 428.735	 438.229	 447.202	 456.692	 466.256	 475.402	 484.598	 493.215	 502.151	 510.973	 518.727	 527.848	 536.400	 544.634	 553.210	 561.235	 568.684	 576.997	 585.229	 592.946	 600.466	 608.633	 615.904	 623.565	 629.912	 637.798	 644.660	 651.981	 657.908	 664.823	
 1170.00	 313.302	 319.586	 325.046	 331.135	 335.812	 342.347	 348.385	 355.593	 363.722	 373.454	 381.662	 392.115	 402.248	 413.568	 424.257	 434.926	 446.676	 458.136	 469.834	 481.822	 493.965	 505.565	 517.093	 528.907	 540.359	 550.783	 562.022	 573.305	 584.663	 595.131	 605.912	 615.585	 627.043	 637.060	 647.411	 657.423	 667.920	 677.512	 687.983	 697.383	 706.556	 716.891	 725.644	 736.088	 745.108	 753.703	 763.414	 771.723	 780.841	 788.882	
 1200.00	 345.430	 354.466	 362.855	 371.219	 378.516	 387.202	 396.576	 406.498	 418.270	 430.473	 443.834	 456.288	 471.983	 486.812	 502.356	 517.308	 533.327	 550.102	 566.385	 582.946	 599.858	 616.066	 632.353	 647.726	 665.615	 681.317	 697.902	 713.687	 729.167	 745.919	 761.044	 776.836	 792.140	 807.815	 822.829	 837.795	 851.999	 867.576	 882.386	 896.413	 910.142	 924.354	 938.871	 953.252	 967.326	 980.373	 993.859	1006.155	1019.534	1032.527	
 1230.00	 329.935	 338.952	 346.582	 353.402	 360.244	 367.841	 377.327	 386.197	 396.127	 407.797	 418.345	 430.700	 443.385	 456.503	 469.592	 483.784	 498.359	 512.708	 526.948	 541.783	 555.711	 570.981	 585.559	 599.932	 614.452	 629.196	 644.088	 658.311	 672.202	 686.594	 700.958	 714.867	 729.015	 741.859	 756.087	 770.061	 783.016	 796.574	 809.283	 821.696	 835.398	 847.285	 860.589	 873.001	 885.700	 897.277	 908.722	 920.725	 932.047	 943.786	
 1260.00	 361.487	 370.711	 380.478	 388.971	 397.115	 406.044	 415.537	 425.870	 437.966	 450.687	 463.782	 477.032	 492.128	 506.699	 522.715	 538.790	 555.020	 570.912	 587.960	 605.004	 621.666	 638.829	 655.904	 672.110	 688.824	 705.151	 722.422	 738.146	 754.704	 771.100	 787.557	 803.255	 819.911	 835.557	 851.780	 867.440	 883.081	 898.563	 913.421	 928.793	 944.708	 959.242	 973.547	 988.110	1002.973	1016.476	1030.193	1043.146	1057.508	1069.882	
 1290.00	 390.458	 401.677	 411.747	 421.763	 431.154	 441.097	 452.679	 464.654	 476.676	 490.188	 505.412	 520.750	 537.908	 553.922	 572.302	 590.165	 609.044	 627.285	 645.691	 663.954	 682.498	 700.867	 719.780	 738.549	 757.924	 775.848	 794.401	 814.028	 832.890	 851.559	 869.246	 887.040	 906.023	 923.470	 942.266	 960.092	 976.737	 994.371	1011.834	1029.414	1045.847	1063.211	1079.366	1096.015	1113.220	1129.475	1144.998	1159.543	1175.272	1190.300	
 1320.00	 394.273	 406.426	 417.409	 427.649	 437.674	 447.765	 458.457	 470.341	 482.490	 496.076	 511.072	 526.368	 542.305	 559.802	 576.754	 594.083	 611.186	 629.729	 647.576	 666.408	 684.781	 703.066	 721.449	 739.860	 758.436	 776.561	 795.911	 814.323	 832.509	 850.435	 868.663	 887.305	 905.161	 923.783	 940.004	 958.271	 976.014	 992.334	1008.769	1025.929	1042.881	1059.531	1075.857	1092.149	1107.576	1123.340	1137.006	1152.635	1167.242	1181.367	
 1350.00	 431.303	 445.572	 459.625	 472.206	 483.339	 495.019	 507.291	 520.169	 535.549	 550.488	 567.616	 585.149	 602.905	 621.515	 641.365	 661.455	 681.207	 701.372	 722.082	 742.442	 762.785	 783.341	 803.357	 823.050	 843.886	 864.716	 884.611	 905.587	 924.806	 944.991	 965.100	 984.583	1004.158	1023.801	1043.992	1061.140	1082.244	1100.227	1118.570	1137.628	1156.274	1173.977	1192.846	1209.914	1228.342	1245.229	1262.463	1278.818	1294.950	1311.401	
 1380.00	 412.650	 427.495	 441.065	 453.280	 464.198	 474.781	 486.144	 497.390	 511.070	 524.345	 538.082	 553.829	 568.043	 583.719	 601.035	 616.626	 633.090	 649.957	 667.355	 684.318	 703.005	 719.495	 737.690	 753.309	 770.128	 786.045	 803.866	 821.782	 839.088	 855.649	 871.254	 888.842	 905.213	 921.092	 937.342	 952.086	 969.064	 983.155	 999.165	1014.834	1029.683	1045.037	1059.776	1073.925	1088.766	1101.963	1116.564	1130.234	1143.692	1155.961	
 1410.00	 439.544	 459.682	 479.490	 496.462	 510.313	 523.883	 538.378	 551.453	 565.436	 580.239	 594.872	 609.969	 626.930	 642.514	 659.513	 677.067	 694.707	 712.538	 730.786	 748.172	 766.898	 784.466	 802.481	 820.451	 837.304	 854.489	 871.275	 888.780	 904.644	 921.927	 938.538	 955.864	 971.809	 987.515	1003.699	1019.017	1034.925	1049.737	1064.881	1079.937	1094.768	1109.382	1122.604	1136.656	1151.451	1165.458	1179.149	1192.987	1205.054	1217.762	
 1440.00	 406.041	 420.935	 436.918	 450.967	 462.162	 473.104	 482.101	 494.201	 503.986	 516.197	 527.802	 539.303	 551.398	 565.415	 577.797	 591.875	 604.207	 618.383	 631.657	 645.317	 658.688	 672.012	 686.233	 699.769	 713.911	 725.789	 739.076	 751.042	 764.591	 777.629	 789.538	 802.826	 814.159	 827.287	 838.310	 850.916	 862.363	 873.650	 884.941	 897.290	 906.887	 918.867	 928.985	 939.754	 950.262	 960.164	 969.786	 979.995	 990.297	 999.164	
